语料 460 ；成功 460 ；总格数 88039002
总计 解压=1621.2ms  content=42.4ms  解瓦片=2015.0ms  统计=7042.9ms  全流程=10721.4ms
单张均值 解压=3.52ms  content=0.09ms  解瓦片=4.38ms  统计=15.31ms  全流程=23.31ms
读入压缩数据 55.3 MB

===== 遮挡统计（按格）=====
矿物格 合计 1531874
   露天          1,224,163   79.9%
   墙             204,056   13.3%
   建筑             95,867    6.3%
   其它/未知           7,788    0.5%
可采地板格 合计 7780538
   露天          5,547,225   71.3%
   墙           1,948,907   25.0%
   建筑            238,075    3.1%
   其它/未知          46,331    0.6%
加成地板格 合计 59912908
   露天         24,444,551   40.8%
   墙          31,626,736   52.8%
   建筑          3,620,282    6.0%
   其它/未知         221,339    0.4%

明细：
file                                  v        WxH     fileKB     解压ms  content      解瓦片     统计ms      总ms    peakMB
Alloy Front.msav                      9    586x586        154     10.9      5.5     19.4     65.7    101.4       2.1
CUDA CORE.msav                        7    350x350         12      0.9      0.2      4.0     22.1     27.1       0.7
CUDA-SIEGE-V4.msav                    8    350x350        117      2.8      0.2      5.2     14.9     23.0       0.8
EditorPlaytesting_20251024.msav      10    600x600        132      3.1      0.1     14.0     45.6     62.9       2.2
EditorPlaytesting_20251111.msav      10    600x600        133      2.2      0.1      9.0     47.5     58.7       2.2
EditorPlaytesting_20260804.msav      11    600x500        342      5.4      0.1     20.5     35.3     61.3       2.1
e星pvp1v1岩浆两岸.msav                    11    400x400         16      0.9      0.1      1.3     15.8     18.1       0.9
Origin.msav                          11    600x600         95      2.3      0.1      5.6     37.7     45.7       2.2
PVP-ordinbird-erekir-V1_200x200.msav   11    200x200          6      0.8      0.4      0.4      4.6      6.3       0.2
PVP-ordinbird-erekir-V1_400x400.msav   11    400x400          8      0.7      0.9      1.1     18.0     20.7       0.9
PVP-ordinbird-V1.msav                11    400x400         14      1.2      0.1      2.5     16.3     20.1       0.9
PVP-ordinbird-V2.msav                11    400x400         12      0.8      0.1      1.9     20.4     23.2       0.9
PVP-ordinbird-V4.msav                11    400x400         26      2.1      0.2      4.5     17.3     24.2       0.9
pvp.msav                             11    300x300         13      0.9      2.1      1.1      9.6     13.7       0.5
test00.msav                          11    360x240          7      0.7      0.1      1.2      9.6     11.5       0.5
V9-战役预备稿 翠墨支流.msav                   11    525x525        182      4.4      0.2      6.4     35.0     46.0       1.8
七日生存-电线间谍.msav                       11    300x200         15      1.0      0.1      0.7      6.9      8.7       0.4
两岸.msav                              11    200x200          9      0.6      0.1      0.4      4.0      5.1       0.2
传奇逆天猎奇阴间何意味pvp.msav                  11    200x200          8      0.8      0.1      0.2      3.6      4.7       0.2
像素战争：赤潮2.0 乱改版V2.2.4.msav            11    240x130        218      2.1      0.1      0.6      3.4      6.2       0.4
光辉长路1-子夜峡谷.msav                      11    400x400         84      1.7      0.1      2.4     17.6     21.8       1.0
光辉长路2-流星栈道.msav                      11    525x525        133      2.6      0.1      3.8     31.9     38.4       1.7
军事要塞.msav                            11    400x310         47      1.2      0.1      2.4     16.8     20.5       0.8
冰原推进.msav                             8     850x62         24      1.1      0.1      0.9      5.0      7.1       0.3
决心-生存比赛.msav                          9    200x400         27      2.0      0.1      1.0      4.8      7.9       0.5
占山为王4p混战小图（1）.msav                   11    150x150          7      0.8      0.1      0.2      1.1      2.2       0.1
占山为王4p混战小图（1）_early20260517.msav     11    150x150          7      0.5      0.1      0.2      1.2      2.0       0.1
双线作战2P.msav                          11    300x179          9      0.5      0.1      0.7      3.3      4.5       0.3
后勤王v7 单科.msav                        11    780x321         17      1.1      0.1      8.2     12.6     22.1       1.5
后勤王v8.msav                           11    511x583         22      1.3      0.1     16.0     13.7     31.1       1.7
天坠攻势.msav                             9    600x600        256      6.2      0.1     14.2     20.0     40.4       2.3
天火裂隙.msav                            11    560x560        192      5.0      0.1      8.4     19.0     32.5       2.0
峡谷.msav                              11    450x100         25      1.1      0.1      1.1      2.3      4.6       0.3
平原推进.msav                             8     800x62         23      0.7      0.1      0.9      1.9      3.6       0.3
弥火渊谷.msav                            11    520x520        187      4.0      0.1      7.0     15.0     26.1       1.7
循序渐进.msav                             8    1000x82         51      1.3      0.1      4.1      4.2      9.6       0.5
恶劣地形.msav                            11    350x350         55      2.0      0.1      3.0      6.7     11.7       0.8
恶劣地形困难版.msav                         11    350x350         55      1.2      0.1      2.1      5.9      9.2       0.8
斐波那契推论.msav                          13    134x216        220      4.4      0.1      1.9      2.4      8.8       0.4
星火地区.msav                            11    420x420         72      1.8      0.1      2.3      9.0     13.3       1.1
机械推进.msav                             8     970x67         52      2.4      0.1      2.8      4.2      9.5       0.4
械族-生存比赛.msav                         10    600x600         68      1.3      0.1      6.8     19.3     27.5       2.1
永夜城.msav                             10    600x600        133      1.7      0.1      7.2     25.3     34.3       2.2
沙漠荒地-4P-2.1.msav                      4    300x300          9      0.6      0.0      1.9     38.5     41.0       0.5
沙盒图-cp修改测试-155.msav                  11  1000x1000         40      1.1      0.1      3.1    351.2    355.4       5.8
流火高原.msav                            11    480x480        149      2.6      0.1      4.3     12.2     19.2       1.5
火山口.msav                             11    200x200         17      0.8      0.1      0.6      2.1      3.7       0.2
炉火纪元.msav                            13    750x750         24      0.7      0.1      2.0     33.5     36.2       3.2
熔岩信使.msav                            11    450x600        347      9.5      0.3     10.8     15.9     36.5       1.9
熔岩要塞-火山基地.msav                        8    350x300         83      1.6      0.1      3.7      6.8     12.2       0.7
登仙路.msav                             11    414x414         50      1.2      0.0      1.5     12.0     14.8       1.0
真菌推进.msav                             8     750x82         51      1.8      0.1      2.4      3.0      7.3       0.4
硫磺酸沼.msav                            11    500x500         83      1.6      0.1      2.7     13.9     18.3       1.5
碎火山岭.msav                            11    450x450        109      1.9      0.0      3.4     11.4     16.8       1.3
空岛生存_v0.4.msav                       11    416x416         27      0.7      0.0      0.9      8.8     10.5       1.0
空岛生存_v0.5.msav                       11    416x416         26      0.7      0.0      0.4      9.2     10.4       1.0
空岛生存_v0.7.msav                       11    416x416         33      1.0      0.0      0.4      8.4      9.9       1.0
终末V5.msav                             8    300x300         48      1.2      0.0      2.6      5.2      9.0       0.6
群岛推进.msav                             8     900x67         19      0.7      0.0      0.7      3.1      4.5       0.4
能源争夺战-据点4Pv1.2 未来科技.msav             11    300x300         14      1.3      0.1      1.2      5.2      7.7       0.5
芳石裂隙.msav                            11    600x600        170      4.3      0.0     10.0     28.6     42.9       2.2
荒漠推进.msav                             8    1000x62         41      1.4      0.0      1.4      3.8      6.6       0.4
荒火起源.msav                            11    600x600        281      5.1      0.4      8.5     25.6     39.6       2.3
裂变山峰.msav                            11    480x480         91      3.0      0.1      9.4     13.7     26.2       1.4
起源（升天版）.msav                         11    650x650        198      5.2      0.0      7.6     27.2     40.1       2.6
银石海岸.msav                             9    512x512        101      2.2      0.5      2.7     15.4     20.8       1.6
铸熔矩阵 服务器简单版.msav                     11    600x600        512      8.0      0.1      8.5     22.4     39.0       2.6
铸熔矩阵_20260118.msav                   11    600x600        512      6.9      0.1     11.9     22.1     41.0       2.6
铸熔矩阵_20260408.msav                   11    600x600        652     11.4      0.1      8.8     21.9     42.2       2.7
风化平原.msav                            11    600x600        194      5.1      0.1     13.1     22.7     41.0       2.3
黄石山脉.msav                            11    800x800        489     12.1      0.1     18.9     37.7     68.8       4.1
黄石高原.msav                            11    600x600        185      4.8      0.1     10.4     20.1     35.4       2.2
异虫横行：蠕动之境.msav                     11    494x494         94      2.6      0.1      3.6     13.5     19.8       1.5
异虫横行：蠕动之境（155修复）.msav              11    494x494         91      1.9      0.0      3.7     14.4     20.1       1.5
0.msav                               11    600x600          7      0.9      0.1      2.1     15.9     19.0       2.1
1.msav                               13    418x418         11      0.6      0.1      0.6      8.5      9.7       1.0
12251.msav.msav                      11    300x300         12      0.7      0.1      1.0      4.5      6.3       0.5
123.msav                             11    300x179          9      0.9      0.1      1.4      4.2      6.6       0.3
16063.msav.msav                      11    494x494         91      1.8      0.1      5.3     16.2     23.3       1.5
18563.msav.msav                       7    401x401         29      1.0      0.0      3.1      7.9     12.1       0.9
19505.msav.msav                       7    350x350         12      1.2      0.1      1.6      5.9      8.9       0.7
2.msav                               13    200x200          5      0.5      0.1      0.2      2.3      3.1       0.2
20802.msav.msav                      10    350x350        119      2.1      0.0      4.7      6.3     13.1       0.8
20921.msav.msav                      11    300x300         49      4.1      0.1      3.2      6.4     13.8       0.6
21355.msav.msav                      10    600x600        133      2.6      0.0      9.6     21.3     33.5       2.2
21543.msav.msav                      11    586x586        155      3.3      0.1      8.6     20.6     32.6       2.1
21717(1).msav.msav                   11    200x400         27      1.3      0.0      1.3      4.3      7.0       0.5
21835.msav.msav                      11    512x512        101      1.9      0.0      4.1     17.3     23.4       1.6
21835.msav_1.msav                     9    512x512        101      2.2      0.0      2.7     15.2     20.1       1.6
21933(1).msav.msav                   10    600x600         68      1.6      0.1      5.8     22.1     29.6       2.1
22275.msav.msav                      11    450x600        347      5.9      0.0      7.4     17.5     30.9       1.9
22357.msav.msav                      11    240x130        218      2.6      0.0      0.6      1.5      4.7       0.4
22407.msav.msav                      11    400x400         14      0.7      0.0      4.1     10.5     15.3       0.9
22423.msav.msav                      11    400x400         12      0.8      0.0      1.8      8.9     11.4       0.9
22650.msav.msav                      11    420x420         72      1.7      0.0      2.5     10.3     14.5       1.1
22752.msav.msav                      11    450x450        109      2.0      0.0      4.9     12.2     19.2       1.3
22773.msav.msav                      11    520x520        187      7.8      0.0      5.7     16.8     30.4       1.7
22862.msav.msav                      11    560x560        192      5.6      0.0      6.1     19.7     31.4       2.0
22872.msav.msav                      11    600x600        509      6.7      0.0      8.2     21.3     36.2       2.6
23009.msav.msav                      11    480x480        149      5.0      0.0      6.5     14.9     26.4       1.5
23281.msav.msav                      11    600x500        239      3.7      0.1      5.8     19.2     28.8       2.0
23414.msav.msav                      11    400x400         84      1.6      0.0      2.1      9.9     13.7       1.0
23442.msav.msav                      11    380x380         17      1.0      0.0      2.8      8.4     12.2       0.8
23508.msav.msav                      11    414x414         50      1.3      0.0      4.1      9.2     14.7       1.0
23564.msav.msav                      11    500x500         83      1.4      0.0      2.2     18.6     22.2       1.5
23618 (2).msav.msav                  11    416x416         33      1.1      0.0      0.4      8.9     10.4       1.0
23716.msav.msav                      11  1000x1000         40      1.0      0.0      3.3     52.8     57.2       5.8
23871.msav.msav                      11    525x525        182      2.9      0.0      6.7     20.0     29.7       1.8
23892.msav.msav                      11    780x321         17      1.4      0.1      7.5     14.1     23.0       1.5
24133.msav.msav                      11    511x583         22      1.2      0.0     12.4     17.7     31.3       1.7
24163.msav.msav                      11    300x303         13      0.6      0.0      0.2      4.3      5.2       0.5
24189.msav.msav                      11    300x200         15      0.6      0.0      0.6      7.2      8.4       0.4
24242.msav.msav                      11    600x600        281      6.6      0.0     10.5     25.6     42.8       2.3
24299.msav.msav                      13    525x525        131      2.9      0.1      4.2     21.5     28.7       1.7
24420 (1).msav.msav                  11    416x416         33      1.2      0.0      0.4     11.9     13.6       1.0
24493.msav.msav                      13    600x500        342      7.0      0.0     16.4     28.0     51.5       2.1
24616.msav.msav                      11    500x600        297      5.0      0.1     10.8     22.0     37.8       2.0
24619.msav.msav                      11    600x600        256      5.7      0.0     10.1     29.8     45.6       2.3
24645.msav.msav                      11    600x600        207      5.5      0.1     13.5     26.4     45.4       2.3
24829.msav.msav                      13    134x216        220      4.9      0.0      1.3      1.9      8.1       0.4
28.msav.msav                         11    300x179          9      0.5      0.0      0.6      2.6      3.8       0.3
3.msav                               11    200x200         11      0.5      0.1      0.1      2.4      3.1       0.2
666.msav                             11    800x200         15      0.7      0.1      1.5     10.8     13.0       0.9
75.msav.msav                         13    300x300         58      1.6      0.0      1.3      4.6      7.5       0.6
A18.msav.msav                        11    494x494         91      2.8      0.0      3.9     15.3     22.1       1.5
A29.msav.msav                        13    710x710        178      4.3      0.0      8.8     98.2    111.4       3.1
file(5).msav.msav                    11    400x400          8      1.5      0.1      1.9     21.5     25.0       0.9
file.msav.msav                       11    400x400         21      1.8      0.1      3.4     21.2     26.6       0.9
file.msav_1.msav                     11    400x400         26      2.0      0.1      5.9     29.4     37.3       0.9
file.msav_2.msav                     11    200x200          6      1.1      0.1      0.9      4.4      6.5       0.2
origin.msav.msav                     13    600x600         95      2.7      0.1      6.6     40.8     50.2       2.2
P6.msav.msav                         11    400x400         16      2.1      0.1      1.6     21.4     25.2       0.9
PVP-ordinbird-erekir-V2-modify.msav   11    400x400          7      0.7      0.0      3.2     89.2     93.1       0.9
PVP-ordinbird-erekir-V2.msav         11    400x400          8      1.3      0.1      1.3     31.8     34.5       0.9
pvp.msav.msav                        11    300x300         13      4.9      0.2      1.9     12.6     19.6       0.5
skyfull offensive.msav.msav           9    600x600        256     17.5      0.1     32.5     68.3    118.3       2.3
test00.msav                          11    480x240          7     10.0      0.1      1.5     38.8     50.3       0.7
[NAVY]CUDA [SCARLET]CORE-verify.msav   11    350x350         11      2.6      0.1      5.3     49.7     57.7       0.7
[NAVY]CUDA_[CYAN]SIEGE[white]-[red]V4-TEST.msav   11    350x350        117      2.4      0.1     25.9     31.6     60.0       0.8
亿万僵尸地图.msav.msav                     11    331x331         39      1.7      0.1      5.3     10.7     17.8       0.7
前线后勤PVP.msav                         13    800x200         17      0.8      0.0      1.2      9.7     11.7       0.9
占山为王4p混战小图（1）.msav.msav              11    150x150          7      0.6      0.0      0.2      1.1      1.9       0.1
循序渐进.msav.msav                       11    1000x82         53      1.5      0.0      4.7      5.2     11.4       0.5
教程真菌.msav                            11    150x300         20      0.8      0.0      0.9      2.3      4.1       0.3
火山.msav.msav                         11    350x300         86      1.6      0.0      3.5      6.6     11.7       0.7
生化（version 0.5）.msav                 13    300x300         57      1.0      0.0      1.1      4.7      6.9       0.6
零小起源.msav                            11    600x600         94      1.8      0.0      5.7     24.4     32.0       2.2
黄石高原地形复制.msav                        11    600x600         92      1.8      0.0      5.1     22.8     29.8       2.2
0.msav                               11    450x600        348      9.5      0.0      8.6     20.1     38.3       1.9
1.msav                               11    450x600        364     10.7      0.0     13.2     20.5     44.5       1.9
10.msav                              11    450x600        383      6.6      0.0     12.4     20.8     39.8       1.9
11.msav                              11    450x600        387     10.0      0.1     11.2     24.6     45.9       1.9
11.msav-backup.msav                  11    450x600        388     11.1      0.0      9.9     22.3     43.4       1.9
12.msav                              11    450x600        372      8.3      0.0      9.2     24.3     41.9       1.9
12.msav-backup.msav                  11    450x600        387      6.6      0.0     10.0     20.9     37.6       1.9
13.msav                              11    450x600        367      7.6      0.0      8.4     16.4     32.4       1.9
14.msav                              11    450x600        371      7.7      0.0     11.0     19.1     37.9       1.9
15.msav                              11    450x600        372      9.4      0.0     14.3     18.5     42.3       1.9
16.msav                              11    450x600        374     13.1      0.1     10.8     22.3     46.2       1.9
17.msav                              11    450x600        373     10.6      0.1      8.2     19.0     37.8       1.9
18.msav                              11    450x600        378      7.8      0.0      8.9     23.8     40.6       1.9
19.msav                              11    450x600        351      6.7      0.0     13.7     18.3     38.8       1.9
2.msav                               11    450x600        369     11.3      0.1      8.3     17.8     37.4       1.9
20.msav                              11    450x600        365     12.0      0.1      9.4     21.2     42.7       1.9
20.msav-backup.msav                  11    450x600        365      9.3      0.1      8.2     20.8     38.5       1.9
21.msav                              11    450x600        365      9.3      0.0      9.0     21.2     39.6       1.9
21.msav-backup.msav                  11    450x600        365      8.0      0.1     12.0     18.2     38.2       1.9
22.msav                              11    450x600        366     10.3      0.0      8.4     25.6     44.4       1.9
23.msav                              11    450x600        375      7.7      0.0      9.2     19.0     35.9       1.9
24.msav                              11    450x600        376      8.3      0.1     12.5     19.2     40.0       1.9
25.msav                              11    450x600        378      9.9      0.0     13.1     21.4     44.4       1.9
26.msav                              11    450x600        382      7.4      0.0     10.3     19.3     36.9       1.9
27.msav                              11    450x600        372     14.9      0.8     10.5     20.4     46.7       1.9
28.msav                              11    450x600        372      7.0      0.0      8.4     18.9     34.4       1.9
29.msav                              11    450x600        373      8.7      0.0      7.8     18.8     35.4       1.9
3.msav                               11    450x600        371      8.5      0.0     17.2     45.9     71.6       1.9
30.msav                              11    450x600        371      7.3      0.1     12.8     33.8     54.0       1.9
30.msav-backup.msav                  11    450x600        371      8.7      0.1      9.8     29.1     47.6       1.9
31.msav                              11    450x600        364      7.4      0.1      7.8     29.7     44.9       1.9
31.msav-backup.msav                  11    450x600        393      8.3      0.1      8.7     30.4     47.5       1.9
32.msav                              11    450x600        359      8.6      0.1      7.8     29.8     46.3       1.9
32.msav-backup.msav                  11    450x600        359      9.0      0.1      7.8     41.4     58.2       1.9
33.msav                              11    586x586        200      7.7      0.2     13.5     40.6     62.0       2.2
34.msav                              11    586x586        256      7.2      0.1     10.5     43.8     61.7       2.2
35.msav                              11    586x586        257      6.8      0.1     10.9     37.1     54.9       2.2
36.msav                              11    586x586        274      7.3      0.1     10.5     37.1     54.9       2.2
37.msav                              11    586x586        267      6.5      0.1     10.1     35.5     52.1       2.2
38.msav                              11    586x586        272      6.6      0.0     10.1     35.5     52.3       2.2
39.msav                              11    600x600        631     11.8      0.1     13.3     42.5     67.7       2.7
4.msav                               11    450x600        376     19.8      0.1     11.1     34.8     65.8       1.9
4.msav-backup.msav                   11    450x600        375     26.5      0.2     15.1     30.2     72.0       1.9
40.msav                              11    600x600        634     25.3      0.2     24.5     67.2    117.2       2.7
40.msav-backup.msav                  11    600x600        635     21.5      0.1     21.7     37.9     81.2       2.7
41.msav                              11    600x600        634     11.7      0.0     11.2     32.9     55.8       2.7
42.msav                              11    600x600        632     10.2      0.0     13.4     29.6     53.3       2.7
43.msav                              11    600x600        641     10.8      0.0     16.1     25.5     52.4       2.7
44.msav                              11    600x600        648     10.0      0.1     12.1     31.2     53.3       2.7
45.msav                              11    600x600        652     10.4      0.0     10.8     24.8     46.0       2.7
45.msav-backup.msav                  11    600x600        646     12.6      0.1     11.3     32.7     56.7       2.7
46.msav                              11    600x600        657     16.2      0.1     12.0     22.2     50.4       2.7
46.msav-backup.msav                  11    600x600        632     11.9      0.0     10.5     25.4     47.8       2.7
47.msav                              11    600x600        647     10.3      0.0      9.9     28.2     48.4       2.7
48.msav                              11    600x600        652     11.2      0.0     10.4     30.2     51.9       2.7
49.msav                              11    450x100         64      2.6      0.0      1.5      3.6      7.7       0.3
49.msav-backup.msav                  11    450x100         62      2.0      0.0      1.0      2.2      5.3       0.3
5.msav                               11    450x600        375     13.2      0.0      9.0     20.2     42.4       1.9
50.msav                               7    256x256         16      2.1      0.0      1.4      6.7     10.3       0.4
50.msav-backup.msav                   7    256x256         16      2.5      0.0      0.7      3.4      6.6       0.4
51.msav                              11    300x179         10      1.2      0.1      1.0      3.0      5.3       0.3
51.msav-backup.msav                  11    300x179         10      0.9      0.1      0.9      2.8      4.7       0.3
52.msav                              11    600x600         10      0.9      0.0      2.1     18.2     21.3       2.1
52.msav-backup.msav                  11    600x600         10      1.7      0.2      2.8     21.0     25.8       2.1
53.msav                              11    200x200          5      2.7      0.7      0.1     60.7     64.2       0.2
53.msav-backup.msav                  11    200x200          5      5.0      0.1      0.9      3.7      9.7       0.2
54.msav                              11    200x200          5      3.7      0.0      0.1     15.0     18.9       0.2
54.msav-backup.msav                  11    200x200          5      6.7      0.0      0.1      2.8      9.6       0.2
55.msav                              11    200x200          5      1.2      0.0      0.1      2.6      3.9       0.2
55.msav-backup.msav                  11    200x200          5      1.8      0.0      0.1      2.4      4.3       0.2
56.msav                              11    200x200          5      1.6      0.0      0.1      2.6      4.3       0.2
56.msav-backup.msav                  11    200x200          5      0.9      0.0      0.1      2.2      3.2       0.2
57.msav                              11    200x200         12      0.9      0.0      0.3      2.0      3.2       0.2
57.msav-backup.msav                  11    200x200         12      0.9      0.1      0.2      2.1      3.2       0.2
58.msav                              11    600x600        270     42.6      0.2     57.1     42.7    142.6       2.3
58.msav-backup.msav                  11    600x600        270     10.4      0.1     11.8     29.2     51.4       2.3
59.msav                              11    600x600        276      9.3      0.0     15.4     28.9     53.6       2.3
59.msav-backup.msav                  11    600x600        290     11.1      0.1     15.0     26.8     52.9       2.3
6.msav                               11    450x600        380      6.5      0.0     13.6     20.9     41.0       1.9
60.msav                              11    600x600        304     10.0      0.0     11.8     27.3     49.2       2.4
60.msav-backup.msav                  11    600x600        304     10.9      0.1     10.4     25.4     46.7       2.4
61.msav                              11    600x600        303      5.7      0.1     10.8     24.2     40.6       2.4
61.msav-backup.msav                  11    600x600        303      9.2      0.1      9.3     25.9     44.3       2.4
62.msav                              11    600x600        288      5.2      0.1      9.8     24.1     39.2       2.3
63.msav                              11    600x600        311      6.1      0.0      9.8     25.8     41.8       2.4
63.msav-backup.msav                  11    600x600        296      6.3      0.1     11.2     23.4     41.0       2.3
64.msav                              11    600x600        316      7.8      0.0      8.4     24.6     40.9       2.4
65.msav                              11    600x600        302      6.9      0.1      8.7     30.7     46.3       2.4
66.msav                              13    200x200          5      2.0      0.1      0.1      4.3      6.4       0.2
66.msav-backup.msav                  13    200x200          5      1.0      0.0      0.1      2.5      3.6       0.2
67.msav                              13    710x710        244      5.4      0.1     11.6     34.1     51.2       3.1
67.msav-backup.msav                  13    710x710        245      7.4      0.0     11.0     34.0     52.4       3.1
68.msav                              13    200x200          5      1.4      0.0      0.1      2.3      3.8       0.2
68.msav-backup.msav                  13    200x200          5      1.1      0.0      0.1      3.3      4.6       0.2
69.msav                              13    200x200          5      1.0      0.0      0.1      2.9      4.0       0.2
69.msav-backup.msav                  13    200x200          5      1.5      0.0      0.1      2.0      3.6       0.2
7.msav                               11    450x600        378      6.2      0.0      8.6     18.1     32.9       1.9
70.msav                              13    525x525        128      3.9      0.1      8.4     16.9     29.3       1.7
70.msav-backup.msav                  13    525x525        128      2.9      0.0      4.1     17.4     24.4       1.7
71.msav                              13    525x525        167      4.2      0.0      3.3     16.6     24.1       1.7
71.msav-backup.msav                  13    525x525        156      3.9      0.0      3.5     20.9     28.3       1.7
72.msav                              13    200x200         16      1.6      0.0      0.2      2.8      4.6       0.2
72.msav-backup.msav                  13    200x200         16      1.8      0.0      0.1      2.5      4.4       0.2
73.msav                              13    300x300         41      1.4      0.0      1.6      6.8      9.9       0.6
73.msav-backup.msav                  13    300x300         41      1.4      0.0      1.2      5.2      7.8       0.6
74.msav                              13    300x300         46      4.8      0.0      1.2      5.0     11.1       0.6
74.msav-backup.msav                  13    300x300         46      1.9      0.0      1.1      5.9      9.0       0.6
75.msav                              13    300x300         58      2.4      0.0      1.2      4.9      8.6       0.6
75.msav-backup.msav                  13    300x300         58      1.7      0.0      1.5      4.8      8.1       0.6
76.msav                              13    300x300         58      1.3      0.0      1.2      5.3      7.8       0.6
76.msav-backup.msav                  13    300x300         53      1.2      0.0      1.3      5.4      7.9       0.6
77.msav                              13    200x200         10      0.8      0.0      0.2      2.0      3.0       0.2
77.msav-backup.msav                  13    200x200          6      0.7      0.0      0.1      2.5      3.4       0.2
8.msav                               11    450x600        380      6.1      0.0      8.6     19.3     34.0       1.9
9.msav                               11    450x600        383      7.1      0.0      7.6     18.5     33.2       1.9
9.msav-backup.msav                   11    450x600        383      6.1      0.0      8.9     19.8     34.8       1.9
sector-erekir-10.msav                 9    512x512         49      2.6      0.1      3.6     19.2     25.5       1.5
sector-erekir-10.msav-backup.msav     9    512x512         49      2.6      0.0      2.7     18.8     24.1       1.5
sector-erekir-12.msav                13    600x600        145      3.4      0.0      5.3     28.2     36.9       2.2
sector-erekir-12.msav-backup.msav    11    600x600        144      4.2      0.1      4.8     31.7     40.8       2.2
sector-erekir-14.msav                 9    586x586         76      1.8      0.0      4.0     22.9     28.7       2.0
sector-erekir-14.msav-backup.msav     9    586x586         76      3.7      0.1      5.4     22.4     31.6       2.0
sector-erekir-18.msav                11    586x586         96      4.0      0.1      3.4     32.0     39.6       2.1
sector-erekir-18.msav-backup.msav    11    586x586         96      3.2      0.0      3.5     28.5     35.3       2.1
sector-erekir-19.msav                 9    600x600         61      3.0      0.0     12.5     30.5     46.0       2.1
sector-erekir-19.msav-backup.msav     9    600x600         61      2.9      0.0      2.8     31.9     37.6       2.1
sector-erekir-25.msav                 9    586x586         71      1.6      0.0      3.3     30.1     35.0       2.0
sector-erekir-25.msav-backup.msav     9    586x586         71      2.5      0.0      3.2     26.5     32.2       2.0
sector-erekir-29.msav                 9    586x586         85      2.6      0.1      3.5     21.6     27.7       2.0
sector-erekir-29.msav-backup.msav     9    586x586         85      2.6      0.0      3.6     21.0     27.2       2.0
sector-erekir-3.msav                  9    494x494         55      1.8      0.0      2.1     18.8     22.8       1.5
sector-erekir-3.msav-backup.msav      9    494x494         55      1.9      0.1      2.1     14.5     18.6       1.5
sector-erekir-30.msav                 9    310x390         28      1.2      0.0      0.8      7.6      9.7       0.7
sector-erekir-30.msav-backup.msav     9    310x390         28      1.1      0.0      1.0      6.4      8.6       0.7
sector-erekir-36.msav                 9    484x484         48      1.6      0.0      1.9     16.8     20.3       1.4
sector-erekir-36.msav-backup.msav     9    484x484         48      1.6      0.0      2.3     15.4     19.5       1.4
sector-erekir-37.msav                11    600x420         73      2.2      0.0      3.2     16.8     22.2       1.5
sector-erekir-37.msav-backup.msav    11    600x420         73      2.3      0.0      3.2     18.9     24.4       1.5
sector-erekir-39.msav                 9    494x494         57      2.8      0.0      3.6     16.1     22.6       1.5
sector-erekir-39.msav-backup.msav     9    494x494         57      2.7      0.0      2.0     21.8     26.5       1.5
sector-erekir-41.msav                 9    320x320         13      2.0      0.1      0.6      5.9      8.5       0.6
sector-erekir-41.msav-backup.msav     9    320x320         13      2.0      0.0      0.7      5.9      8.8       0.6
sector-erekir-43.msav                 9    450x450         44      1.3      0.0      1.4     12.7     15.4       1.2
sector-erekir-43.msav-backup.msav     9    450x450         44      1.8      0.1      1.8     10.0     13.7       1.2
sector-erekir-5.msav                 11    600x600         67      1.7      0.0      2.4     20.0     24.1       2.1
sector-erekir-5.msav-backup.msav     11    600x600         67      2.4      0.0      2.7     23.7     28.8       2.1
sector-erekir-58.msav                 9    400x600         80      3.1      0.1      3.7     16.6     23.5       1.5
sector-erekir-58.msav-backup.msav     9    400x600         80      3.6      0.0      3.4     19.4     26.5       1.5
sector-erekir-88.msav                 9    400x400         48      2.7      0.0      2.4     12.0     17.2       1.0
sector-erekir-88.msav-backup.msav     9    400x400         48      1.7      0.0      1.8     10.6     14.1       1.0
sector-exoprosopa-frostnova-1.msav   13    200x200         18      1.6      0.1      0.2      1.3      3.1       0.2
sector-exoprosopa-frostnova-1.msav-backup.msav   13    200x200         18      1.1      0.1      0.2      0.6      1.9       0.2
sector-exoprosopa-frostnova-101.msav   13    300x300         28      1.9      0.1      0.7      1.4      4.1       0.5
sector-exoprosopa-frostnova-101.msav-backup.msav   13    300x300         28      1.3      0.1      0.8      1.9      4.0       0.5
sector-exoprosopa-frostnova-125.msav   13    400x275         39      2.5      0.2      2.3      2.8      7.7       0.7
sector-exoprosopa-frostnova-125.msav-backup.msav   13    400x275         39      1.3      0.1      1.6      2.8      5.8       0.7
sector-exoprosopa-frostnova-146.msav   13    500x500         54      3.8      0.1      1.6      4.0      9.5       1.5
sector-exoprosopa-frostnova-146.msav-backup.msav   13    500x500         54      2.3      0.1      1.4      6.5     10.2       1.5
sector-exoprosopa-frostnova-170.msav   13    300x200         31      1.7      0.1      0.8      1.2      3.7       0.4
sector-exoprosopa-frostnova-170.msav-backup.msav   13    300x200         31      1.2      0.1      0.7      0.9      2.8       0.4
sector-exoprosopa-frostnova-174.msav   13    270x400         37      1.0      0.1      0.6      2.2      3.9       0.7
sector-exoprosopa-frostnova-174.msav-backup.msav   13    270x400         37      1.2      0.1      0.7      4.1      6.1       0.7
sector-exoprosopa-frostnova-214.msav   13    400x400         52      2.3      0.1      2.9      3.4      8.7       1.0
sector-exoprosopa-frostnova-214.msav-backup.msav   13    400x400         52      1.6      0.2      1.9      2.4      6.1       1.0
sector-exoprosopa-frostnova-219.msav   13    250x270         29      1.1      0.1      0.6      1.6      3.3       0.4
sector-exoprosopa-frostnova-219.msav-backup.msav   13    250x270         29      1.0      0.6      1.2      3.2      6.0       0.4
sector-exoprosopa-frostnova-22.msav   13    400x360         56      1.6      0.1      1.6      2.9      6.3       0.9
sector-exoprosopa-frostnova-22.msav-backup.msav   13    400x360         56      1.4      0.1      1.2      2.5      5.2       0.9
sector-exoprosopa-frostnova-223.msav   13    350x300         33      1.5      0.1      0.7      1.7      4.0       0.6
sector-exoprosopa-frostnova-223.msav-backup.msav   13    350x300         33      1.1      0.1      0.7      1.7      3.5       0.6
sector-exoprosopa-frostnova-40.msav   13    330x300         30      0.9      0.1      0.7      2.6      4.3       0.6
sector-exoprosopa-frostnova-40.msav-backup.msav   13    330x300         30      1.0      0.1      0.8      1.6      3.5       0.6
sector-exoprosopa-frostnova-41.msav   13    300x300         26      1.8      0.1      0.6      2.1      4.7       0.5
sector-exoprosopa-frostnova-41.msav-backup.msav   13    300x300         26      1.9      0.1      0.7      1.3      4.1       0.5
sector-exoprosopa-frostnova-64.msav   13    160x220         23      0.9      0.1      0.4      0.7      2.0       0.2
sector-exoprosopa-frostnova-64.msav-backup.msav   13    160x220         23      0.9      0.1      0.3      0.5      1.8       0.2
sector-exoprosopa-frostnova-65.msav   13    400x300         39      1.6      0.1      2.0      3.1      6.8       0.7
sector-exoprosopa-frostnova-65.msav-backup.msav   13    400x300         39      1.6      0.1      1.1      2.1      4.9       0.7
sector-exoprosopa-frostnova-85.msav   13    300x300         42      1.2      0.1      1.0      2.2      4.5       0.6
sector-exoprosopa-frostnova-85.msav-backup.msav   13    300x300         42      1.6      0.1      1.0      1.4      4.0       0.6
sector-exoprosopa-frostnova-86.msav   13    200x400         37      1.3      0.1      0.7      1.3      3.3       0.5
sector-exoprosopa-frostnova-86.msav-backup.msav   13    200x400         37      1.3      0.1      1.2      1.5      4.1       0.5
sector-ice-ardery-9.msav             13    215x322         24      0.8      0.1      0.5      1.1      2.5       0.4
sector-ice-ardery-9.msav-backup.msav   13    215x322         24      0.8      0.1      0.5      1.7      3.0       0.4
sector-proxima-170.msav              13    440x440         12      0.7      0.1      0.3     13.5     14.6       1.1
sector-proxima-170.msav-backup.msav   13    440x440         12      1.8      0.1      0.3     11.3     13.5       1.1
sector-serpulo-142.msav               9    344x344         80      1.8      0.0      3.1      9.6     14.6       0.8
sector-serpulo-142.msav-backup.msav    9    344x344         81      2.0      0.0      2.5     10.0     14.5       0.8
sector-serpulo-143.msav               9    300x300         84      4.4      0.0      2.7      4.6     11.8       0.6
sector-serpulo-143.msav-backup.msav    9    300x300         84      2.0      0.0      2.3      4.8      9.1       0.6
sector-serpulo-145.msav              11    280x280         52      1.7      0.1      1.6      3.7      7.2       0.5
sector-serpulo-145.msav-backup.msav   11    280x280         52      1.4      0.0      1.8      4.8      8.1       0.5
sector-serpulo-164.msav               9    400x400         68      1.8      0.0      1.9     10.9     14.6       1.0
sector-serpulo-164.msav-backup.msav    9    400x400         68      2.1      0.0      1.8      9.1     13.1       1.0
sector-serpulo-165.msav              10    400x400         59      2.1      0.1      1.8      9.7     13.6       1.0
sector-serpulo-165.msav-backup.msav   10    400x400         59      2.0      0.0      2.3     11.7     16.0       1.0
sector-serpulo-166.msav              11    500x500        113      4.3      0.2      3.3     16.9     24.6       1.5
sector-serpulo-166.msav-backup.msav   11    500x500        113      3.5      0.1      3.0     14.8     21.4       1.5
sector-serpulo-169.msav              10    275x275         35      2.3      0.0      1.0      4.7      8.1       0.5
sector-serpulo-169.msav-backup.msav   10    275x275         35      1.3      0.0      0.9      4.3      6.5       0.5
sector-serpulo-170.msav              11    256x256         22      1.3      0.0      0.8      3.9      6.1       0.4
sector-serpulo-170.msav-backup.msav   11    256x256         22      1.1      0.0      0.6      3.4      5.1       0.4
sector-serpulo-173.msav              10    450x450         23      1.2      0.1      1.0     14.3     16.5       1.2
sector-serpulo-173.msav-backup.msav   10    450x450         23      1.4      0.1      0.9     15.0     17.3       1.2
sector-serpulo-204.msav              11    600x600        103      3.4      0.0      3.9     22.3     29.6       2.2
sector-serpulo-204.msav-backup.msav   11    600x600        103      2.9      0.0      3.2     26.2     32.2       2.2
sector-serpulo-213.msav               9    300x300         38      2.0      0.0      0.9      5.1      8.1       0.6
sector-serpulo-213.msav-backup.msav    9    300x300         38      1.3      0.0      0.9      6.0      8.2       0.6
sector-serpulo-214.msav              10    380x380         60      1.7      0.0      1.7      9.6     13.1       0.9
sector-serpulo-214.msav-backup.msav   10    380x380         60      2.2      0.1      2.1     11.0     15.4       0.9
sector-serpulo-217.msav              13    512x512        115      4.1      0.0      2.5     15.7     22.3       1.6
sector-serpulo-217.msav-backup.msav   13    512x512        113      2.3      0.0      2.4     14.5     19.2       1.6
sector-serpulo-219.msav              10    256x256         29      1.5      0.0      0.7      3.4      5.6       0.4
sector-serpulo-219.msav-backup.msav   10    256x256         29      1.2      0.0      0.8      3.2      5.2       0.4
sector-serpulo-221.msav              10    150x250         23      1.0      0.1      0.6      1.9      3.6       0.2
sector-serpulo-221.msav-backup.msav   10    150x250         22      0.8      0.0      0.5      1.8      3.1       0.2
sector-serpulo-223.msav               9    300x300         58      1.7      0.1      1.9      6.6     10.3       0.6
sector-serpulo-223.msav-backup.msav    9    300x300         58      1.8      0.1      1.6      5.9      9.3       0.6
sector-serpulo-228.msav               9    250x250         76      1.8      0.0      1.8      4.1      7.6       0.4
sector-serpulo-228.msav-backup.msav    9    250x250         76      2.1      0.0      3.7      4.8     10.6       0.4
sector-serpulo-23.msav               10    250x250         29      1.0      0.0      0.7      6.1      7.9       0.4
sector-serpulo-23.msav-backup.msav   10    250x250         29      1.1      0.0      0.7      3.2      5.1       0.4
sector-serpulo-266.msav              13    300x300         80      1.9      0.0      1.6      6.5     10.0       0.6
sector-serpulo-266.msav-backup.msav   11    300x300         79      1.9      0.0      1.6      5.9      9.4       0.6
sector-serpulo-271.msav              11    110x400         43      1.5      0.0      0.9      4.6      7.0       0.3
sector-serpulo-271.msav-backup.msav    9    110x400         40      1.3      0.0      1.5      5.5      8.3       0.3
sector-serpulo-41.msav               10    300x300         56      1.7      0.0      1.3      8.2     11.2       0.6
sector-serpulo-41.msav-backup.msav   10    300x300         56      2.2      0.1      1.7      6.7     10.7       0.6
sector-serpulo-64.msav                9    200x200         18      1.5      0.0      0.4      1.9      3.8       0.2
sector-serpulo-64.msav-backup.msav    9    200x200         18      0.8      0.0      0.4      1.8      3.1       0.2
sector-serpulo-65.msav               10    220x280         41      1.2      0.0      0.9      4.4      6.6       0.4
sector-serpulo-65.msav-backup.msav   10    220x280         41      2.4      0.2      2.2      7.3     12.0       0.4
sector-serpulo-75.msav               11    432x432         61      3.2      0.1     13.9     15.2     32.3       1.1
sector-serpulo-75.msav-backup.msav   11    432x432         61      2.1      0.1      1.4     10.8     14.3       1.1
sector-serpulo-85.msav                9    200x265         43      4.1      0.0      0.8      3.0      8.0       0.3
sector-serpulo-85.msav-backup.msav    9    200x265         43      1.5      0.0      0.8      2.8      5.2       0.3
sector-serpulo-86.msav                9    320x320         53      1.3      0.0      2.1      6.8     10.3       0.6
sector-serpulo-86.msav-backup.msav    9    320x320         53      1.7      0.0      2.4      6.5     10.6       0.6
sector-serpulo-95.msav               11    597x597         75      2.6      0.0      5.1     26.8     34.5       2.1
sector-serpulo-95.msav-backup.msav   11    597x597         75      2.7      0.1      4.7     28.1     35.6       2.1
sector-serpulo-97.msav               10    400x400         55      2.5      0.0      1.7     11.5     15.8       1.0
sector-serpulo-97.msav-backup.msav   10    400x400         56      1.7      0.0      1.6      9.2     12.5       1.0
sector-serpulo-98.msav               10    300x300         71      2.3      0.0      2.2      5.7     10.3       0.6
sector-serpulo-98.msav-backup.msav   10    300x300         71      2.0      0.0      2.7      6.8     11.5       0.6
sector-serpulo-99.msav                9    260x260         53      1.6      0.1      1.6      3.9      7.1       0.4
sector-serpulo-99.msav-backup.msav    9    260x260         53      1.3      0.0      1.2      4.5      6.9       0.4
sector-template-mod-template-planet-0.msav   13    256x256         13      0.9      0.0      0.5      3.8      5.2       0.4
sector-template-mod-template-planet-0.msav-backup.msav   13    256x256         13      0.8      0.0      0.7      3.3      4.8       0.4
sector-ve-cyclant-137.msav           11    600x600         65      1.9      0.1      2.9     26.9     31.8       2.1
sector-ve-cyclant-137.msav-backup.msav   11    600x600         65      3.2      0.2      3.9     23.2     30.5       2.1
sector-ve-cyclant-143.msav           11    700x400        174      4.3      0.1      5.9     16.7     27.0       1.8
sector-ve-cyclant-143.msav-backup.msav   11    700x400        174      3.5      0.1      5.4     13.5     22.4       1.8
sector-ve-cyclant-144.msav           11    300x400         59      2.2      0.1      1.2     12.8     16.3       0.7
sector-ve-cyclant-144.msav-backup.msav   11    300x400         59      1.9      0.1      1.2      7.1     10.3       0.7
sector-ve-cyclant-170.msav           11    180x240         25      3.0      0.1      0.5      1.6      5.2       0.3
sector-ve-cyclant-170.msav-backup.msav   11    180x240         25      1.0      0.1      0.5      0.7      2.2       0.3
sector-ve-cyclant-19.msav            11    300x300         51      1.6      0.1      1.0      8.3     11.1       0.6
sector-ve-cyclant-19.msav-backup.msav   11    300x300         51      3.1      0.1      2.9      3.6      9.8       0.6
sector-ve-cyclant-20.msav            11    400x400         37      2.1      0.1      1.5     13.6     17.3       1.0
sector-ve-cyclant-20.msav-backup.msav   11    400x400         37      1.7      0.1      0.9     13.0     15.6       1.0
sector-ve-cyclant-222.msav           11    320x320         63      2.9      0.1      1.5      6.6     11.1       0.6
sector-ve-cyclant-222.msav-backup.msav   11    320x320         63      2.6      0.1      1.7      5.7     10.1       0.6
sector-ve-cyclant-224.msav           13    400x800         96      2.4      0.1      3.5     14.7     20.7       1.9
sector-ve-cyclant-224.msav-backup.msav   13    400x800         96      2.1      0.1      3.9     18.1     24.2       1.9
sector-ve-cyclant-227.msav           11    400x500         98      3.5      0.1      4.8      8.0     16.5       1.2
sector-ve-cyclant-227.msav-backup.msav   11    400x500         99      2.7      0.1      2.6      8.4     13.8       1.2
sector-ve-cyclant-228.msav           11    800x400         92      1.8      0.1      3.4     20.3     25.7       1.9
sector-ve-cyclant-228.msav-backup.msav   11    800x400         92      2.8      0.1      3.2     16.7     22.8       1.9
sector-ve-cyclant-229.msav           11    400x400         74      2.2      0.1      2.0      9.5     13.8       1.0
sector-ve-cyclant-229.msav-backup.msav   11    400x400         74      2.3      0.1      2.3     11.2     16.0       1.0
sector-ve-cyclant-230.msav           11    400x400         69      1.6      0.1      1.0      8.9     11.5       1.0
sector-ve-cyclant-230.msav-backup.msav   11    400x400         69      2.0      0.2      1.4      9.8     13.3       1.0
sector-ve-cyclant-24.msav            11    300x500        101      2.0      0.1      2.3      6.3     10.6       1.0
sector-ve-cyclant-24.msav-backup.msav   11    300x500        101      2.3      0.1      2.7      6.3     11.5       1.0
sector-ve-cyclant-245.msav           11    600x700        116      5.8      0.1      7.9     22.1     35.9       2.5
sector-ve-cyclant-245.msav-backup.msav   11    600x700        116      3.5      0.1      3.8     21.6     28.9       2.5
sector-ve-cyclant-261.msav           11    500x500         86      2.6      0.1      3.6     16.4     22.8       1.5
sector-ve-cyclant-261.msav-backup.msav   11    500x500         86      2.7      0.1      3.6     17.3     23.7       1.5
sector-ve-cyclant-35.msav            11    400x300         57      2.6      0.1      2.0      2.8      7.4       0.7
sector-ve-cyclant-35.msav-backup.msav   11    400x300         57      1.3      0.1      1.3      2.2      5.0       0.7
sector-ve-cyclant-39.msav            13    300x300         35      1.3      0.1      0.6      5.0      7.0       0.5
sector-ve-cyclant-39.msav-backup.msav   13    300x300         35      1.4      0.1      0.8      4.3      6.7       0.5
sector-ve-cyclant-53.msav            11    300x300         36      1.1      0.1      0.6      1.7      3.5       0.6
sector-ve-cyclant-53.msav-backup.msav   11    300x300         36      1.1      0.1      0.6      1.8      3.5       0.6
sector-ve-cyclant-91.msav            11    400x400         56      1.7      0.2      1.3      8.4     11.7       1.0
sector-ve-cyclant-91.msav-backup.msav   11    400x400         56      2.2      0.2      1.7      9.1     13.2       1.0
sector-ve-cyclant-95.msav            11    400x400         40      1.5      0.1      0.8      7.1      9.5       1.0
sector-ve-cyclant-95.msav-backup.msav   11    400x400         40      1.3      0.2      0.9      8.0     10.5       1.0
sector-ve-cyclant-98.msav            11    400x250         52      1.7      0.1      1.5     51.7     55.0       0.6
sector-ve-cyclant-98.msav-backup.msav   11    400x250         52      2.7      0.2      2.1     12.5     17.4       0.6
sector-ve-maress-43.msav             11    400x400         42      1.7      0.1      3.4      8.7     14.0       1.0
sector-ve-maress-43.msav-backup.msav   11    400x400         42      1.5      0.1      2.0      5.9      9.5       1.0
sector-ve-phoon-0.msav               11    200x200         14      1.3      0.2      0.3      6.7      8.6       0.2
sector-ve-phoon-0.msav-backup.msav   11    200x200         14      1.6      0.2      0.4      4.3      6.5       0.2
sector-ve-phoon-19.msav              11    150x150         19      1.7      0.1      0.5      2.0      4.3       0.1
sector-ve-phoon-19.msav-backup.msav   11    150x150         19      1.3      0.1      0.4      1.3      3.1       0.1
sector-ve-phoon-20.msav              11    100x100         15      1.1      0.1      0.2      0.7      2.1       0.1
sector-ve-phoon-20.msav-backup.msav   11    100x100         15      0.7      0.1      0.1      0.7      1.6       0.1
sector-ve-phoon-3.msav               11    200x100         15      0.9      0.1      0.2      1.2      2.4       0.1
sector-ve-phoon-3.msav-backup.msav   11    200x100         15      1.0      0.1      0.1      0.9      2.2       0.1
sector-ve-sitrullus-15.msav          11    200x300         29      1.1      0.1      0.4      1.0      2.5       0.4
sector-ve-sitrullus-15.msav-backup.msav   11    200x300         29      0.9      0.1      0.3      0.8      2.2       0.4
sector-ve-sitrullus-2.msav           13    240x420         75      1.2      0.1      0.7      3.8      5.8       0.7
sector-ve-sitrullus-2.msav-backup.msav   13    240x420         75      1.6      0.1      0.7      5.0      7.4       0.7
sector-ve-sitrullus-28.msav          11    200x200         48      1.3      0.1      0.4      0.7      2.5       0.3
sector-ve-sitrullus-28.msav-backup.msav   11    200x200         48      1.0      0.1      0.4      0.7      2.2       0.3
sector-ve-sitrullus-32.msav          11    300x300         40      1.2      0.1      0.9      1.4      3.7       0.6
sector-ve-sitrullus-32.msav-backup.msav   11    300x300         40      1.2      0.1      0.8      1.5      3.6       0.6
sector-ve-sitrullus-71.msav          13    400x200         27      0.9      0.1      0.2      2.5      3.7       0.5
sector-ve-sitrullus-71.msav-backup.msav   13    400x200         27      2.0      0.1      0.2      2.4      4.8       0.5
sector-ve-thavina-0.msav             13    500x500         33      1.1      0.1      1.3     14.4     16.9       1.5
sector-ve-thavina-0.msav-backup.msav   13    500x500         33      1.3      0.1      1.3     13.1     15.8       1.5
